 0.0000  1.0000 -0.0000 1.0000 -0.0000 0.0000 0.0000 0.0000 
 0.0001  1.0000 -0.0000 1.0000 -0.0000 -0.0000 -0.0000 -0.0000 
 0.0002  1.0000 0.0000 1.0001 0.0000 -0.0000 -0.0000 -0.0000 
 0.0003  0.9996 0.0001 1.0010 0.0002 -0.0002 -0.0008 -0.0001 
 0.0004  1.0000 -0.0000 1.0000 -0.0000 -0.0000 -0.0000 0.0000 
 0.0005  1.0000 0.0000 1.0001 0.0000 -0.0000 -0.0001 -0.0000 
 0.0006  0.9999 0.0000 1.0009 0.0000 -0.0002 -0.0007 -0.0001 
 0.0007  1.0000 -0.0000 1.0000 -0.0000 -0.0000 -0.0000 -0.0000 
 0.0008  1.0012 -0.0003 1.0006 -0.0002 -0.0001 -0.0004 0.0000 
 0.0009  0.2657 0.1568 0.6276 0.0810 0.0547 0.2110 0.0169 
 0.0010  0.3099 0.1560 0.6660 0.0796 0.0400 0.1931 0.0141 
 0.0011  0.3400 0.1542 0.6677 0.0783 0.0499 0.1835 0.0144 
 0.0012  0.3713 0.1498 0.6745 0.0767 0.0559 0.1732 0.0140 
 0.0013  0.3063 0.1652 0.5276 0.0813 0.0964 0.2386 0.0249 
 0.0014  0.2308 0.1831 0.3727 0.0837 0.1356 0.2997 0.0426 
 0.0015  0.1982 0.1909 0.3002 0.0814 0.1558 0.3191 0.0534 
 0.0016  0.1771 0.1959 0.2525 0.0784 0.1700 0.3263 0.0618 
 0.0017  0.1607 0.1998 0.2159 0.0752 0.1815 0.3288 0.0689 
 0.0018  0.1483 0.2027 0.1891 0.0721 0.1902 0.3268 0.0748 
 0.0019  0.1375 0.2054 0.1662 0.0692 0.1979 0.3242 0.0802 
 0.0020  0.1289 0.2074 0.1486 0.0664 0.2041 0.3193 0.0848 
 0.0021  0.1212 0.2092 0.1333 0.0638 0.2096 0.3142 0.0890 
